0,482
0,481
0,480
30,35
0,479
0,478
0,477
0,476
35,3
35,2
35,1
35,0
34,3
34,2
34,1
34,0
0,475
0,474
0,473
0,472
33,4
33,3
33,2
33,1
33,0
0,471
0,243
0,470
32,4
32,3
32,2
32,1
32,0
31,3
31,2
31,1
31,0
26,4
26,2
26,0
26,1
26,3
0,469
0,468
0,467
27,4
0,466
27,2
27,0
27,1
27,3
0,465
0,464
25,2
25,0
0,463
0,462
0,461
28,2
28,0
28,1
28,3
0,460
0,459
0,458
0,278
29,0
0,457
0,456
0,455
0,454
0,453
0,452
0,451
0,450
0,449
0,448
0,447
0,446
0,445
0,444
0,443
0,442
0,441
0,440
0,439
0,438
0,437
0,436
0,435
0,434
0,433
0,432
0,431
0,430
0,429
0,428
0,427
0,426
0,425
0,424
0,423
0,422
0,421
0,420
0,419
0,418
0,417
0,416
0,415
0,414
0,413
0,412
0,411
0,410
0,409
